806/05/2015
100;1;1
100;1;2
100;1;3
100;1;4
100;1;5
100;1;6
100;1;7
100;1;8
100;1;9
100;1;10
100;1;11
100;1;12
100;1;13
100;2;1
100;2;2
100;2;3
100;2;4
100;2;5
100;2;6
100;2;7
100;2;8
100;2;9
100;2;10
100;2;11
100;2;12
100;2;13
100;3;1
100;3;2
100;3;3
100;3;4
100;3;5
100;3;6
100;3;7
100;3;8
100;3;9
100;3;10
100;3;11
100;3;12
100;3;13
100;4;1
100;4;2
100;4;3
100;4;4
100;4;5
100;4;6
100;4;7
100;4;8
100;4;9
100;4;10
100;4;11
100;4;12
100;4;13
100;5;1
100;5;2
100;5;3
100;5;4
100;5;5
100;5;6
100;5;7
100;5;8
100;5;9
100;5;10
100;5;11
100;5;12
100;5;13
100;12;1
100;12;2
100;12;3
100;12;4
100;12;5
100;12;6
100;12;7
100;12;8
100;12;9
100;12;10
100;12;11
100;12;12
100;12;13
100;13;1
100;13;2
100;13;3
100;13;4
100;13;5
100;13;6
100;13;7
100;13;8
100;13;9
100;13;10
100;13;11
100;13;12
100;13;13
40;1;1
40;1;2
40;1;3
40;1;4
40;1;5
40;1;6
40;1;7
40;1;12
40;1;13
40;2;1
40;2;2
40;2;3
40;2;4
40;2;5
40;2;6
40;2;7
40;2;12
40;2;13
40;3;1
40;3;2
40;3;3
40;3;4
40;3;5
40;3;6
40;3;7
40;3;12
40;3;13
40;4;1
40;4;2
40;4;3
40;4;4
40;4;5
40;4;6
40;4;7
40;4;12
40;4;13
40;5;1
40;5;2
40;5;3
40;5;4
40;5;5
40;5;6
40;5;7
40;5;12
40;5;13
40;12;1
40;12;2
40;12;3
40;12;4
40;12;5
40;12;6
40;12;7
40;12;12
40;12;13
40;13;1
40;13;2
40;13;3
40;13;4
40;13;5
40;13;6
40;13;7
40;13;12
40;13;13
47;1;1
47;1;2
47;1;3
47;1;4
47;1;5
47;1;6
47;1;7
47;1;8
47;1;9
47;1;10
47;1;11
47;1;12
47;1;13
47;2;1
47;2;2
47;2;3
47;2;4
47;2;5
47;2;6
47;2;7
47;2;8
47;2;9
47;2;10
47;2;11
47;2;12
47;2;13
47;3;1
47;3;2
47;3;3
47;3;4
47;3;5
47;3;6
47;3;7
47;3;8
47;3;9
47;3;10
47;3;11
47;3;12
47;3;13
47;4;1
47;4;2
47;4;3
47;4;4
47;4;5
47;4;6
47;4;7
47;4;8
47;4;9
47;4;10
47;4;11
47;4;12
47;4;13
47;5;1
47;5;2
47;5;3
47;5;4
47;5;5
47;5;6
47;5;7
47;5;8
47;5;9
47;5;10
47;5;11
47;5;12
47;5;13
47;12;1
47;12;2
47;12;3
47;12;4
47;12;5
47;12;6
47;12;7
47;12;8
47;12;9
47;12;10
47;12;11
47;12;12
47;12;13
47;13;1
47;13;2
47;13;3
47;13;4
47;13;5
47;13;6
47;13;7
47;13;8
47;13;9
47;13;10
47;13;11
47;13;12
47;13;13
75;1;1
75;1;2
75;1;3
75;1;4
75;1;5
75;1;6
75;1;7
75;1;12
75;1;13
75;2;1
75;2;2
75;2;3
75;2;4
75;2;5
75;2;6
75;2;7
75;2;12
75;2;13
75;3;1
75;3;2
75;3;3
75;3;4
75;3;5
75;3;6
75;3;7
75;3;12
75;3;13
75;4;1
75;4;2
75;4;3
75;4;4
75;4;5
75;4;6
75;4;7
75;4;12
75;4;13
75;5;1
75;5;2
75;5;3
75;5;4
75;5;5
75;5;6
75;5;7
75;5;12
75;5;13
75;12;1
75;12;2
75;12;3
75;12;4
75;12;5
75;12;6
75;12;7
75;12;12
75;12;13
75;13;1
75;13;2
75;13;3
75;13;4
75;13;5
75;13;6
75;13;7
75;13;12
75;13;13
77;1;1
77;1;2
77;1;3
77;1;4
77;1;5
77;1;6
77;1;7
77;1;12
77;1;13
77;2;1
77;2;2
77;2;3
77;2;4
77;2;5
77;2;6
77;2;7
77;2;12
77;2;13
77;3;1
77;3;2
77;3;3
77;3;4
77;3;5
77;3;6
77;3;7
77;3;12
77;3;13
77;4;1
77;4;2
77;4;3
77;4;4
77;4;5
77;4;6
77;4;7
77;4;12
77;4;13
77;5;1
77;5;2
77;5;3
77;5;4
77;5;5
77;5;6
77;5;7
77;5;12
77;5;13
77;12;1
77;12;2
77;12;3
77;12;4
77;12;5
77;12;6
77;12;7
77;12;12
77;12;13
77;13;1
77;13;2
77;13;3
77;13;4
77;13;5
77;13;6
77;13;7
77;13;12
77;13;13
80;1;1
80;1;2
80;1;3
80;1;4
80;1;5
80;1;6
80;1;7
80;1;8
80;1;9
80;1;10
80;1;11
80;1;12
80;1;13
80;2;1
80;2;2
80;2;3
80;2;4
80;2;5
80;2;6
80;2;7
80;2;8
80;2;9
80;2;10
80;2;11
80;2;12
80;2;13
80;3;1
80;3;2
80;3;3
80;3;4
80;3;5
80;3;6
80;3;7
80;3;8
80;3;9
80;3;10
80;3;11
80;3;12
80;3;13
80;4;1
80;4;2
80;4;3
80;4;4
80;4;5
80;4;6
80;4;7
80;4;8
80;4;9
80;4;10
80;4;11
80;4;12
80;4;13
80;5;1
80;5;2
80;5;3
80;5;4
80;5;5
80;5;6
80;5;7
80;5;8
80;5;9
80;5;10
80;5;11
80;5;12
80;5;13
80;12;1
80;12;2
80;12;3
80;12;4
80;12;5
80;12;6
80;12;7
80;12;8
80;12;9
80;12;10
80;12;11
80;12;12
80;12;13
80;13;1
80;13;2
80;13;3
80;13;4
80;13;5
80;13;6
80;13;7
80;13;8
80;13;9
80;13;10
80;13;11
80;13;12
80;13;13
95;1;1
95;1;2
95;1;3
95;1;4
95;1;5
95;1;12
95;1;13
95;2;1
95;2;2
95;2;3
95;2;4
95;2;5
95;2;12
95;2;13
95;3;1
95;3;2
95;3;3
95;3;4
95;3;5
95;3;12
95;3;13
95;4;1
95;4;2
95;4;3
95;4;4
95;4;5
95;4;12
95;4;13
95;5;1
95;5;2
95;5;3
95;5;4
95;5;5
95;5;12
95;5;13
95;12;1
95;12;2
95;12;3
95;12;4
95;12;5
95;12;12
95;12;13
95;13;1
95;13;2
95;13;3
95;13;4
95;13;5
95;13;12
95;13;13
96;1;1
96;1;2
96;1;3
96;1;4
96;1;5
96;1;12
96;1;13
96;2;1
96;2;2
96;2;3
96;2;4
96;2;5
96;2;12
96;2;13
96;3;1
96;3;2
96;3;3
96;3;4
96;3;5
96;3;12
96;3;13
96;4;1
96;4;2
96;4;3
96;4;4
96;4;5
96;4;12
96;4;13
96;5;1
96;5;2
96;5;3
96;5;4
96;5;5
96;5;12
96;5;13
96;12;1
96;12;2
96;12;3
96;12;4
96;12;5
96;12;12
96;12;13
96;13;1
96;13;2
96;13;3
96;13;4
96;13;5
96;13;12
96;13;13
97;1;1
97;1;2
97;1;3
97;1;4
97;1;5
97;1;6
97;1;7
97;1;12
97;1;13
97;2;1
97;2;2
97;2;3
97;2;4
97;2;5
97;2;6
97;2;7
97;2;12
97;2;13
97;3;1
97;3;2
97;3;3
97;3;4
97;3;5
97;3;6
97;3;7
97;3;12
97;3;13
97;4;1
97;4;2
97;4;3
97;4;4
97;4;5
97;4;6
97;4;7
97;4;12
97;4;13
97;5;1
97;5;2
97;5;3
97;5;4
97;5;5
97;5;6
97;5;7
97;5;12
97;5;13
97;12;1
97;12;2
97;12;3
97;12;4
97;12;5
97;12;6
97;12;7
97;12;12
97;12;13
97;13;1
97;13;2
97;13;3
97;13;4
97;13;5
97;13;6
97;13;7
97;13;12
97;13;13
